SteAnne 7.7880474 48.6148998 0
HTP 7.7071469 48.5932395 0
NHC 7.7410432 48.5753636 0
SteOdile 7.7578084 48.5651447 0
Diaconat 7.3313017 47.7495151 0
EMuller 7.3434487 47.7249035 0
3Fr 7.5511391 47.5824998 0
Guebwiller 7.2157557 47.9079459 0
Thann 7.0956722 47.8132577 0
Altkirch 7.2534106 47.6242669 0
Colmar 7.3373122 48.0749163 0
Selestat 7.4343897 48.2611582 0
StLuc 7.2239838 48.4828613 0
Haguenau 7.778578 48.7973358 0
Wissembourg 7.9319762 49.0417524 0
Saverne 7.3494886 48.7459744 0